Microsoft Windows [Version 10.0.19045.5854]
(c) Microsoft Corporation. All rights reserved.

C:\Users\SWARAJ SONAVANE>start.bat
hi
intialized and ready
RUNNING

(temp_venv) C:\Users\SWARAJ SONAVANE\Desktop\Thesis work>fetch_data.py
timeframes:
[2.0, 2.1, 3.0, 3.1, 3.2, 4.0, 4.1, 4.2, 5.0, 5.1, 5.2, 6.2, 8.0, 8.1, 9.0, 11.0, 11.1, 11.2, 12.0, 12.1, 16.1, 17.0, 17.1, 18.0, 18.1, 18.2, 20.0, 20.1, 20.2, 30.1, 34.0, 34.2, 35.0, 35.1, 35.2, 36.0, 36.1, 36.2, 39.1, 41.0, 41.1, 44.0, 45.0, 45.2, 46.1, 46.2, 47.0, 47.2, 48.0, 48.2, 49.0, 49.1, 49.2, 50.2, 51.2, 54.0, 56.0, 57.0, 57.1, 57.2, 58.0, 58.1, 59.1, 59.2, 61.0, 61.1, 61.2, 67.2, 68.0, 68.1, 68.2, 69.1, 70.1, 70.2, 71.0, 71.1, 71.2, 72.0, 72.1, 72.2, 73.0, 73.1, 73.2, 75.1, 75.2, 78.1, 83.1, 83.2, 86.0, 86.1, 86.2, 89.0, 89.1, 89.2, 91.0, 91.1, 91.2, 92.1, 93.0, 93.2, 95.1, 96.0, 97.0, 97.1, 99.0, 99.1, 99.2, 101.0, 101.1, 101.2, 103.1, 104.1, 105.1, 105.2, 108.0, 108.1, 108.2, 109.0, 109.1, 110.0, 110.1, 110.2, 111.0, 111.1, 111.2, 113.0, 113.1, 114.1, 115.0, 115.2, 120.2, 122.0, 125.0, 125.1, 125.2, 127.0, 127.1, 127.2, 128.0, 130.0, 130.1, 130.2, 131.2, 133.1, 133.2, 136.0, 136.1, 136.2, 137.0, 137.1, 142.0, 143.1, 144.1, 144.2, 145.0, 147.1, 147.2, 148.0, 149.0, 150.2, 153.0, 155.1, 156.2, 157.2, 159.0, 159.1, 159.2, 160.1, 160.2, 161.0, 161.1, 161.2, 162.0, 162.1, 162.2, 163.0, 163.1, 163.2, 164.0, 164.1, 164.2, 170.0, 170.1, 170.2, 171.0, 171.1, 171.2, 172.0, 174.0, 174.1, 174.2, 178.0, 178.1, 179.2, 186.2, 187.1, 190.0, 190.1, 191.0, 191.2, 193.1, 194.0, 194.2, 199.0, 199.2, 200.0, 200.1, 200.2, 202.0, 202.1, 202.2, 208.0, 208.2, 209.2, 211.0, 211.1, 211.2, 213.0, 213.1, 213.2, 216.0, 216.1, 216.2, 218.0, 218.1, 218.2, 221.2, 225.2, 226.0, 226.1, 226.2, 227.0, 231.2, 235.0, 235.1, 235.2, 236.2, 237.0, 237.2, 238.0, 238.1, 238.2, 239.0, 239.1, 240.1, 241.0, 242.0, 243.1, 243.2, 244.0, 245.0, 246.2, 248.0, 249.1, 250.0, 250.1, 250.2, 251.1, 251.2, 253.2, 255.1, 256.0, 256.2, 257.0, 257.2, 258.0, 258.2, 259.0, 259.1, 263.1, 264.1, 264.2, 265.0, 265.1, 266.1, 267.2, 270.0, 270.2, 272.0, 273.2, 274.1, 275.0, 278.0, 278.1, 279.0, 280.0, 280.1, 283.2, 285.0, 290.0, 290.1, 291.0, 291.1, 294.0, 294.1, 296.0, 296.2, 297.2, 300.1, 301.0, 301.1, 302.1, 302.2, 303.1, 305.0, 306.2, 311.0, 311.2]
timeframes common in all file, Length is here:161
[2.0, 3.2, 3.0, 4.0, 4.1, 4.2, 5.0, 5.1, 6.2, 8.0, 9.0, 11.0, 11.1, 16.1, 17.1, 18.0, 18.1, 18.2, 20.1, 30.1, 36.0, 36.1, 36.2, 39.1, 41.0, 41.1, 45.2, 47.0, 47.2, 48.0, 48.2, 50.2, 51.2, 54.0, 56.0, 57.0, 57.1, 57.2, 58.0, 58.1, 59.1, 61.0, 61.2, 67.2, 69.1, 72.0, 75.1, 75.2, 78.1, 86.0, 86.1, 86.2, 89.1, 89.2, 91.1, 91.2, 92.1, 93.0, 93.2, 97.1, 99.0, 99.1, 99.2, 104.1, 105.1, 105.2, 109.0, 109.1, 111.0, 111.1, 113.1, 111.2, 122.0, 125.1, 127.0, 128.0, 130.0, 131.2, 136.1, 136.2, 137.0, 137.1, 143.1, 144.1, 144.2, 147.1, 147.2, 150.2, 153.0, 155.1, 157.2, 159.2, 160.1, 160.2, 161.2, 162.2, 163.0, 164.0, 163.2, 170.1, 170.2, 171.1, 171.2, 172.0, 174.0, 174.2, 178.0, 187.1, 190.0, 191.0, 194.2, 199.0, 199.2, 200.0, 200.1, 200.2, 202.0, 202.1, 202.2, 208.2, 216.2, 221.2, 225.2, 226.2, 227.0, 231.2, 235.1, 235.2, 237.2, 238.0, 238.1, 243.2, 248.0, 250.2, 250.0, 250.1, 251.1, 253.2, 251.2, 256.0, 257.0, 257.2, 258.2, 264.1, 264.2, 266.1, 272.0, 279.0, 280.0, 280.1, 290.0, 290.1, 291.0, 291.1, 294.1, 302.1, 302.2, 305.0, 306.2, 2.1, 3.1]

(temp_venv) C:\Users\SWARAJ SONAVANE\Desktop\Thesis work>fetch_data.py
timeframes:
[2.0, 2.1, 3.0, 3.1, 3.2, 4.0, 4.1, 4.2, 5.0, 5.1, 5.2, 6.2, 8.0, 8.1, 9.0, 11.0, 11.1, 11.2, 12.0, 12.1, 16.1, 17.0, 17.1, 18.0, 18.1, 18.2, 20.0, 20.1, 20.2, 30.1, 34.0, 34.2, 35.0, 35.1, 35.2, 36.0, 36.1, 36.2, 39.1, 41.0, 41.1, 44.0, 45.0, 45.2, 46.1, 46.2, 47.0, 47.2, 48.0, 48.2, 49.0, 49.1, 49.2, 50.2, 51.2, 54.0, 56.0, 57.0, 57.1, 57.2, 58.0, 58.1, 59.1, 59.2, 61.0, 61.1, 61.2, 67.2, 68.0, 68.1, 68.2, 69.1, 70.1, 70.2, 71.0, 71.1, 71.2, 72.0, 72.1, 72.2, 73.0, 73.1, 73.2, 75.1, 75.2, 78.1, 83.1, 83.2, 86.0, 86.1, 86.2, 89.0, 89.1, 89.2, 91.0, 91.1, 91.2, 92.1, 93.0, 93.2, 95.1, 96.0, 97.0, 97.1, 99.0, 99.1, 99.2, 101.0, 101.1, 101.2, 103.1, 104.1, 105.1, 105.2, 108.0, 108.1, 108.2, 109.0, 109.1, 110.0, 110.1, 110.2, 111.0, 111.1, 111.2, 113.0, 113.1, 114.1, 115.0, 115.2, 120.2, 122.0, 125.0, 125.1, 125.2, 127.0, 127.1, 127.2, 128.0, 130.0, 130.1, 130.2, 131.2, 133.1, 133.2, 136.0, 136.1, 136.2, 137.0, 137.1, 142.0, 143.1, 144.1, 144.2, 145.0, 147.1, 147.2, 148.0, 149.0, 150.2, 153.0, 155.1, 156.2, 157.2, 159.0, 159.1, 159.2, 160.1, 160.2, 161.0, 161.1, 161.2, 162.0, 162.1, 162.2, 163.0, 163.1, 163.2, 164.0, 164.1, 164.2, 170.0, 170.1, 170.2, 171.0, 171.1, 171.2, 172.0, 174.0, 174.1, 174.2, 178.0, 178.1, 179.2, 186.2, 187.1, 190.0, 190.1, 191.0, 191.2, 193.1, 194.0, 194.2, 199.0, 199.2, 200.0, 200.1, 200.2, 202.0, 202.1, 202.2, 208.0, 208.2, 209.2, 211.0, 211.1, 211.2, 213.0, 213.1, 213.2, 216.0, 216.1, 216.2, 218.0, 218.1, 218.2, 221.2, 225.2, 226.0, 226.1, 226.2, 227.0, 231.2, 235.0, 235.1, 235.2, 236.2, 237.0, 237.2, 238.0, 238.1, 238.2, 239.0, 239.1, 240.1, 241.0, 242.0, 243.1, 243.2, 244.0, 245.0, 246.2, 248.0, 249.1, 250.0, 250.1, 250.2, 251.1, 251.2, 253.2, 255.1, 256.0, 256.2, 257.0, 257.2, 258.0, 258.2, 259.0, 259.1, 263.1, 264.1, 264.2, 265.0, 265.1, 266.1, 267.2, 270.0, 270.2, 272.0, 273.2, 274.1, 275.0, 278.0, 278.1, 279.0, 280.0, 280.1, 283.2, 285.0, 290.0, 290.1, 291.0, 291.1, 294.0, 294.1, 296.0, 296.2, 297.2, 300.1, 301.0, 301.1, 302.1, 302.2, 303.1, 305.0, 306.2, 311.0, 311.2]
timeframes common in all file, Length is here:161
Traceback (most recent call last):
  File "C:\Users\SWARAJ SONAVANE\Desktop\Thesis work\fetch_data.py", line 416, in <module>
    get_intersection_of_timeframes_in_all_files(file_list_f1)
  File "C:\Users\SWARAJ SONAVANE\Desktop\Thesis work\fetch_data.py", line 413, in get_intersection_of_timeframes_in_all_files
    print(sort(timeframes))
NameError: name 'sort' is not defined

(temp_venv) C:\Users\SWARAJ SONAVANE\Desktop\Thesis work>fetch_data.py
timeframes:
[2.0, 2.1, 3.0, 3.1, 3.2, 4.0, 4.1, 4.2, 5.0, 5.1, 5.2, 6.2, 8.0, 8.1, 9.0, 11.0, 11.1, 11.2, 12.0, 12.1, 16.1, 17.0, 17.1, 18.0, 18.1, 18.2, 20.0, 20.1, 20.2, 30.1, 34.0, 34.2, 35.0, 35.1, 35.2, 36.0, 36.1, 36.2, 39.1, 41.0, 41.1, 44.0, 45.0, 45.2, 46.1, 46.2, 47.0, 47.2, 48.0, 48.2, 49.0, 49.1, 49.2, 50.2, 51.2, 54.0, 56.0, 57.0, 57.1, 57.2, 58.0, 58.1, 59.1, 59.2, 61.0, 61.1, 61.2, 67.2, 68.0, 68.1, 68.2, 69.1, 70.1, 70.2, 71.0, 71.1, 71.2, 72.0, 72.1, 72.2, 73.0, 73.1, 73.2, 75.1, 75.2, 78.1, 83.1, 83.2, 86.0, 86.1, 86.2, 89.0, 89.1, 89.2, 91.0, 91.1, 91.2, 92.1, 93.0, 93.2, 95.1, 96.0, 97.0, 97.1, 99.0, 99.1, 99.2, 101.0, 101.1, 101.2, 103.1, 104.1, 105.1, 105.2, 108.0, 108.1, 108.2, 109.0, 109.1, 110.0, 110.1, 110.2, 111.0, 111.1, 111.2, 113.0, 113.1, 114.1, 115.0, 115.2, 120.2, 122.0, 125.0, 125.1, 125.2, 127.0, 127.1, 127.2, 128.0, 130.0, 130.1, 130.2, 131.2, 133.1, 133.2, 136.0, 136.1, 136.2, 137.0, 137.1, 142.0, 143.1, 144.1, 144.2, 145.0, 147.1, 147.2, 148.0, 149.0, 150.2, 153.0, 155.1, 156.2, 157.2, 159.0, 159.1, 159.2, 160.1, 160.2, 161.0, 161.1, 161.2, 162.0, 162.1, 162.2, 163.0, 163.1, 163.2, 164.0, 164.1, 164.2, 170.0, 170.1, 170.2, 171.0, 171.1, 171.2, 172.0, 174.0, 174.1, 174.2, 178.0, 178.1, 179.2, 186.2, 187.1, 190.0, 190.1, 191.0, 191.2, 193.1, 194.0, 194.2, 199.0, 199.2, 200.0, 200.1, 200.2, 202.0, 202.1, 202.2, 208.0, 208.2, 209.2, 211.0, 211.1, 211.2, 213.0, 213.1, 213.2, 216.0, 216.1, 216.2, 218.0, 218.1, 218.2, 221.2, 225.2, 226.0, 226.1, 226.2, 227.0, 231.2, 235.0, 235.1, 235.2, 236.2, 237.0, 237.2, 238.0, 238.1, 238.2, 239.0, 239.1, 240.1, 241.0, 242.0, 243.1, 243.2, 244.0, 245.0, 246.2, 248.0, 249.1, 250.0, 250.1, 250.2, 251.1, 251.2, 253.2, 255.1, 256.0, 256.2, 257.0, 257.2, 258.0, 258.2, 259.0, 259.1, 263.1, 264.1, 264.2, 265.0, 265.1, 266.1, 267.2, 270.0, 270.2, 272.0, 273.2, 274.1, 275.0, 278.0, 278.1, 279.0, 280.0, 280.1, 283.2, 285.0, 290.0, 290.1, 291.0, 291.1, 294.0, 294.1, 296.0, 296.2, 297.2, 300.1, 301.0, 301.1, 302.1, 302.2, 303.1, 305.0, 306.2, 311.0, 311.2]
timeframes common in all file, Length is here:0
[]

(temp_venv) C:\Users\SWARAJ SONAVANE\Desktop\Thesis work>fetch_data.py
timeframes:
[2.0, 2.1, 3.0, 3.1, 3.2, 4.0, 4.1, 4.2, 5.0, 5.1, 5.2, 6.2, 8.0, 8.1, 9.0, 11.0, 11.1, 11.2, 12.0, 12.1, 16.1, 17.0, 17.1, 18.0, 18.1, 18.2, 20.0, 20.1, 20.2, 30.1, 34.0, 34.2, 35.0, 35.1, 35.2, 36.0, 36.1, 36.2, 39.1, 41.0, 41.1, 44.0, 45.0, 45.2, 46.1, 46.2, 47.0, 47.2, 48.0, 48.2, 49.0, 49.1, 49.2, 50.2, 51.2, 54.0, 56.0, 57.0, 57.1, 57.2, 58.0, 58.1, 59.1, 59.2, 61.0, 61.1, 61.2, 67.2, 68.0, 68.1, 68.2, 69.1, 70.1, 70.2, 71.0, 71.1, 71.2, 72.0, 72.1, 72.2, 73.0, 73.1, 73.2, 75.1, 75.2, 78.1, 83.1, 83.2, 86.0, 86.1, 86.2, 89.0, 89.1, 89.2, 91.0, 91.1, 91.2, 92.1, 93.0, 93.2, 95.1, 96.0, 97.0, 97.1, 99.0, 99.1, 99.2, 101.0, 101.1, 101.2, 103.1, 104.1, 105.1, 105.2, 108.0, 108.1, 108.2, 109.0, 109.1, 110.0, 110.1, 110.2, 111.0, 111.1, 111.2, 113.0, 113.1, 114.1, 115.0, 115.2, 120.2, 122.0, 125.0, 125.1, 125.2, 127.0, 127.1, 127.2, 128.0, 130.0, 130.1, 130.2, 131.2, 133.1, 133.2, 136.0, 136.1, 136.2, 137.0, 137.1, 142.0, 143.1, 144.1, 144.2, 145.0, 147.1, 147.2, 148.0, 149.0, 150.2, 153.0, 155.1, 156.2, 157.2, 159.0, 159.1, 159.2, 160.1, 160.2, 161.0, 161.1, 161.2, 162.0, 162.1, 162.2, 163.0, 163.1, 163.2, 164.0, 164.1, 164.2, 170.0, 170.1, 170.2, 171.0, 171.1, 171.2, 172.0, 174.0, 174.1, 174.2, 178.0, 178.1, 179.2, 186.2, 187.1, 190.0, 190.1, 191.0, 191.2, 193.1, 194.0, 194.2, 199.0, 199.2, 200.0, 200.1, 200.2, 202.0, 202.1, 202.2, 208.0, 208.2, 209.2, 211.0, 211.1, 211.2, 213.0, 213.1, 213.2, 216.0, 216.1, 216.2, 218.0, 218.1, 218.2, 221.2, 225.2, 226.0, 226.1, 226.2, 227.0, 231.2, 235.0, 235.1, 235.2, 236.2, 237.0, 237.2, 238.0, 238.1, 238.2, 239.0, 239.1, 240.1, 241.0, 242.0, 243.1, 243.2, 244.0, 245.0, 246.2, 248.0, 249.1, 250.0, 250.1, 250.2, 251.1, 251.2, 253.2, 255.1, 256.0, 256.2, 257.0, 257.2, 258.0, 258.2, 259.0, 259.1, 263.1, 264.1, 264.2, 265.0, 265.1, 266.1, 267.2, 270.0, 270.2, 272.0, 273.2, 274.1, 275.0, 278.0, 278.1, 279.0, 280.0, 280.1, 283.2, 285.0, 290.0, 290.1, 291.0, 291.1, 294.0, 294.1, 296.0, 296.2, 297.2, 300.1, 301.0, 301.1, 302.1, 302.2, 303.1, 305.0, 306.2, 311.0, 311.2]
timeframes common in all file, Length is here:25
[3.0, 3.1, 3.2, 4.0, 4.2, 18.1, 36.0, 56.0, 57.2, 58.0, 72.0, 78.1, 86.0, 92.1, 93.0, 93.2, 97.1, 143.1, 144.2, 147.1, 150.2, 153.0, 164.0, 200.0, 294.1]

(temp_venv) C:\Users\SWARAJ SONAVANE\Desktop\Thesis work>fetch_data.py
timeframes:
[2.0, 2.1, 3.0, 3.1, 3.2, 4.0, 4.1, 4.2, 5.0, 5.1, 5.2, 6.2, 8.0, 8.1, 9.0, 11.0, 11.1, 11.2, 12.0, 12.1, 16.1, 17.0, 17.1, 18.0, 18.1, 18.2, 20.0, 20.1, 20.2, 30.1, 34.0, 34.2, 35.0, 35.1, 35.2, 36.0, 36.1, 36.2, 39.1, 41.0, 41.1, 44.0, 45.0, 45.2, 46.1, 46.2, 47.0, 47.2, 48.0, 48.2, 49.0, 49.1, 49.2, 50.2, 51.2, 54.0, 56.0, 57.0, 57.1, 57.2, 58.0, 58.1, 59.1, 59.2, 61.0, 61.1, 61.2, 67.2, 68.0, 68.1, 68.2, 69.1, 70.1, 70.2, 71.0, 71.1, 71.2, 72.0, 72.1, 72.2, 73.0, 73.1, 73.2, 75.1, 75.2, 78.1, 83.1, 83.2, 86.0, 86.1, 86.2, 89.0, 89.1, 89.2, 91.0, 91.1, 91.2, 92.1, 93.0, 93.2, 95.1, 96.0, 97.0, 97.1, 99.0, 99.1, 99.2, 101.0, 101.1, 101.2, 103.1, 104.1, 105.1, 105.2, 108.0, 108.1, 108.2, 109.0, 109.1, 110.0, 110.1, 110.2, 111.0, 111.1, 111.2, 113.0, 113.1, 114.1, 115.0, 115.2, 120.2, 122.0, 125.0, 125.1, 125.2, 127.0, 127.1, 127.2, 128.0, 130.0, 130.1, 130.2, 131.2, 133.1, 133.2, 136.0, 136.1, 136.2, 137.0, 137.1, 142.0, 143.1, 144.1, 144.2, 145.0, 147.1, 147.2, 148.0, 149.0, 150.2, 153.0, 155.1, 156.2, 157.2, 159.0, 159.1, 159.2, 160.1, 160.2, 161.0, 161.1, 161.2, 162.0, 162.1, 162.2, 163.0, 163.1, 163.2, 164.0, 164.1, 164.2, 170.0, 170.1, 170.2, 171.0, 171.1, 171.2, 172.0, 174.0, 174.1, 174.2, 178.0, 178.1, 179.2, 186.2, 187.1, 190.0, 190.1, 191.0, 191.2, 193.1, 194.0, 194.2, 199.0, 199.2, 200.0, 200.1, 200.2, 202.0, 202.1, 202.2, 208.0, 208.2, 209.2, 211.0, 211.1, 211.2, 213.0, 213.1, 213.2, 216.0, 216.1, 216.2, 218.0, 218.1, 218.2, 221.2, 225.2, 226.0, 226.1, 226.2, 227.0, 231.2, 235.0, 235.1, 235.2, 236.2, 237.0, 237.2, 238.0, 238.1, 238.2, 239.0, 239.1, 240.1, 241.0, 242.0, 243.1, 243.2, 244.0, 245.0, 246.2, 248.0, 249.1, 250.0, 250.1, 250.2, 251.1, 251.2, 253.2, 255.1, 256.0, 256.2, 257.0, 257.2, 258.0, 258.2, 259.0, 259.1, 263.1, 264.1, 264.2, 265.0, 265.1, 266.1, 267.2, 270.0, 270.2, 272.0, 273.2, 274.1, 275.0, 278.0, 278.1, 279.0, 280.0, 280.1, 283.2, 285.0, 290.0, 290.1, 291.0, 291.1, 294.0, 294.1, 296.0, 296.2, 297.2, 300.1, 301.0, 301.1, 302.1, 302.2, 303.1, 305.0, 306.2, 311.0, 311.2]
timeframes common in all file, Length is here:1
[147.1]

(temp_venv) C:\Users\SWARAJ SONAVANE\Desktop\Thesis work>fetch_data.py
timeframes:
float64
timeframes common in all file, Length is here:1
[147.1]

(temp_venv) C:\Users\SWARAJ SONAVANE\Desktop\Thesis work>fetch_data.py
timeframes:
timeframes common in all file, Length is here:130
[2, 3, 4, 5, 6, 8, 9, 11, 12, 16, 17, 18, 20, 30, 34, 36, 39, 41, 44, 45, 47, 48, 50, 51, 54, 56, 57, 58, 59, 61, 67, 69, 70, 72, 75, 78, 86, 89, 91, 92, 93, 96, 97, 99, 103, 104, 105, 109, 111, 113, 120, 122, 125, 127, 128, 130, 131, 133, 136, 137, 142, 143, 144, 145, 147, 149, 150, 153, 155, 156, 157, 159, 160, 161, 162, 163, 164, 170, 171, 172, 174, 178, 186, 187, 190, 191, 194, 199, 200, 202, 208, 216, 221, 225, 226, 227, 231, 235, 237, 238, 243, 246, 248, 249, 250, 251, 253, 256, 257, 258, 263, 264, 266, 272, 273, 278, 279, 280, 283, 290, 291, 294, 296, 297, 301, 302, 303, 305, 306, 311]

(temp_venv) C:\Users\SWARAJ SONAVANE\Desktop\Thesis work>fetch_data.py
timeframes:
timeframes common in all file, Length is here:1
[122]
