Accuracy for one flowmeter data:


Current Cluster:

Returned from here
1
1
Confusion Matrix:
[[ 25  29   0   1   9   0   0   0   0   0   0   0   0   0   0   0]
 [  3 106   0   0  11   5   0   0   0   0   0   0   0   0   0   0]
 [  0  26   1   0   1  48   0   0   9   2   0   0   0   0   0   0]
 [  0   4   0   3   2  11   1   1  19   8   0   0   0   0   0   0]
 [  8  42   0   0  45   8   0   0   0   0   0   0   0   0   0   0]
 [  1  22   0   0   0  44   1   6  27  16   1   0   0   0   0   0]
 [  0   0   0   0   0   6   3  10  14  20  12   1   0   0   0   0]
 [  0   0   0   0   0   2   0  25  12  25  11   1   0   0   0   0]
 [  0   0   0   0   0   9   2  11  50  16   1   1   1   0   0   0]
 [  0   0   0   0   0   8   1   7  31  47  15   0   0   0   0   0]
 [  0   0   0   0   0   1   2   5   1  13  88  12   0   0  11   8]
 [  0   0   0   0   0   0   0   0   0   1  45  25   0   0  10  14]
 [  0   1   0   0   0   8   1  22  12  11   6   2   0   0   0   0]
 [  0   0   0   0   0   1   0   6   0   9  45   8   0   1   2   2]
 [  0   0   0   0   0   0   0   1   0   2  37   6   0   0  14  28]
 [  0   0   0   0   0   0   0   0   0   0   1   4   0   0   6  60]]

Classification Report:
              precision    recall  f1-score   support

          00       0.68      0.39      0.50        64
          01       0.46      0.85      0.60       125
          02       1.00      0.01      0.02        87
          03       0.75      0.06      0.11        49
          10       0.66      0.44      0.53       103
          11       0.29      0.37      0.33       118
          12       0.27      0.05      0.08        66
          13       0.27      0.33      0.29        76
          20       0.29      0.55      0.38        91
          21       0.28      0.43      0.34       109
          22       0.34      0.62      0.44       141
          23       0.42      0.26      0.32        95
          30       0.00      0.00      0.00        63
          31       1.00      0.01      0.03        74
          32       0.33      0.16      0.21        88
          33       0.54      0.85      0.66        71

    accuracy                           0.38      1420
   macro avg       0.47      0.34      0.30      1420
weighted avg       0.46      0.38      0.33      1420

Accuracy: 0.37816901408450704



--------------------------------------------------------------------------------------------------------------

Accuracy when both flowmeters data are combined

1
1
Confusion Matrix:
[[65  1  0  2  9  1  0  0  0  0  0  0  0  0  0  0]
 [ 4 44  4  0 13  2  0  0  0  0  0  0  0  0  0  0]
 [ 0  6 32  5  0 11  1  0  1  3  0  0  1  0  0  0]
 [ 2  2 11 19  0  5  2  3 10  9  0  1  1  0  0  0]
 [ 4 19  1  0 34  0  0  0  0  0  0  0  0  0  0  0]
 [ 0  3 12  3  2  9  3  2  9  9  0  0  1  0  0  0]
 [ 0  0  1  2  0  0  5 18  7  3  0  0  8  5  0  0]
 [ 0  0  0  3  0  0 10 24  3  1  2  0 10  5  0  0]
 [ 0  1  8 10  0  2  0  7 28 10  0  1  8  1  0  0]
 [ 0  0  0  3  0  2  2  2  4 23  0  0  4  2  0  0]
 [ 0  0  0  0  0  0  0  0  0  0 38  0  0  0 23  7]
 [ 0  0  0  1  0  0  2  0  0  1  2 38  0  9  4  1]
 [ 0  0 10  2  0  0  7  7 10  3  0  0 17  6  0  0]
 [ 0  0  0  2  0  0  2  3  0  3  2  6  0 27  0  0]
 [ 0  0  0  2  0  0  0  0  0  0 16  6  0  3 26 11]
 [ 0  0  0  0  0  0  0  0  0  0  0  0  0  0 10 47]]

Classification Report:
              precision    recall  f1-score   support

          00       0.87      0.83      0.85        78
          01       0.58      0.66      0.62        67
          02       0.41      0.53      0.46        60
          03       0.35      0.29      0.32        65
          10       0.59      0.59      0.59        58
          11       0.28      0.17      0.21        53
          12       0.15      0.10      0.12        49
          13       0.36      0.41      0.39        58
          20       0.39      0.37      0.38        76
          21       0.35      0.55      0.43        42
          22       0.63      0.56      0.59        68
          23       0.73      0.66      0.69        58
          30       0.34      0.27      0.30        62
          31       0.47      0.60      0.52        45
          32       0.41      0.41      0.41        64
          33       0.71      0.82      0.76        57

    accuracy                           0.50       960
   macro avg       0.48      0.49      0.48       960
weighted avg       0.49      0.50      0.49       960

Accuracy: 0.49583333333333335



--------------------------------------------------------------------------------------------------------------


Without one class SVM og 4 Clusters:

Confusion Matrix:
[[193   0   0  10]
 [  0 179   3   7]
 [  0   7  34  17]
 [ 13   3   6 488]]

Classification Report:
              precision    recall  f1-score   support

   Cluster 1       0.94      0.95      0.94       203
   Cluster 2       0.95      0.95      0.95       189
   Cluster 3       0.79      0.59      0.67        58
   Cluster 4       0.93      0.96      0.95       510

    accuracy                           0.93       960
   macro avg       0.90      0.86      0.88       960
weighted avg       0.93      0.93      0.93       960

Accuracy: 0.93125

------------------------------------------------------------------------------------------------------------------------------


With One class SVM og 4 clusters:

Confusion Matrix:
[[185   1   0  13]
 [  0 152   2  11]
 [  0   5  39  16]
 [ 10   7  16 494]]

Classification Report:
              precision    recall  f1-score   support

   Cluster 1       0.95      0.93      0.94       199
   Cluster 2       0.92      0.92      0.92       165
   Cluster 3       0.68      0.65      0.67        60
   Cluster 4       0.93      0.94      0.93       527

    accuracy                           0.91       951
   macro avg       0.87      0.86      0.86       951
weighted avg       0.91      0.91      0.91       951

Accuracy: 0.9148264984227129

------------------------------------------------------------------------------------------------------------------------------


Without one class svm 16 labels:



Confusion Matrix:
[[65  1  0  2  9  1  0  0  0  0  0  0  0  0  0  0]
 [ 4 44  4  0 13  2  0  0  0  0  0  0  0  0  0  0]
 [ 0  6 32  5  0 11  1  0  1  3  0  0  1  0  0  0]
 [ 2  2 11 19  0  5  2  3 10  9  0  1  1  0  0  0]
 [ 4 19  1  0 34  0  0  0  0  0  0  0  0  0  0  0]
 [ 0  3 12  3  2  9  3  2  9  9  0  0  1  0  0  0]
 [ 0  0  1  2  0  0  5 18  7  3  0  0  8  5  0  0]
 [ 0  0  0  3  0  0 10 24  3  1  2  0 10  5  0  0]
 [ 0  1  8 10  0  2  0  7 28 10  0  1  8  1  0  0]
 [ 0  0  0  3  0  2  2  2  4 23  0  0  4  2  0  0]
 [ 0  0  0  0  0  0  0  0  0  0 38  0  0  0 23  7]
 [ 0  0  0  1  0  0  2  0  0  1  2 38  0  9  4  1]
 [ 0  0 10  2  0  0  7  7 10  3  0  0 17  6  0  0]
 [ 0  0  0  2  0  0  2  3  0  3  2  6  0 27  0  0]
 [ 0  0  0  2  0  0  0  0  0  0 16  6  0  3 26 11]
 [ 0  0  0  0  0  0  0  0  0  0  0  0  0  0 10 47]]

Classification Report:
              precision    recall  f1-score   support

          00       0.87      0.83      0.85        78
          01       0.58      0.66      0.62        67
          02       0.41      0.53      0.46        60
          03       0.35      0.29      0.32        65
          10       0.59      0.59      0.59        58
          11       0.28      0.17      0.21        53
          12       0.15      0.10      0.12        49
          13       0.36      0.41      0.39        58
          20       0.39      0.37      0.38        76
          21       0.35      0.55      0.43        42
          22       0.63      0.56      0.59        68
          23       0.73      0.66      0.69        58
          30       0.34      0.27      0.30        62
          31       0.47      0.60      0.52        45
          32       0.41      0.41      0.41        64
          33       0.71      0.82      0.76        57

    accuracy                           0.50       960
   macro avg       0.48      0.49      0.48       960
weighted avg       0.49      0.50      0.49       960

Accuracy: 0.49583333333333335


With one class svm 16 labels:

Confusion Matrix:
[[57  4  1  1 11  0  0  0  0  0  0  0  0  1  0  0]
 [ 2 40  3  3 13  1  0  0  0  0  0  0  0  0  0  0]
 [ 0  2 37  7  0  6  0  0  4  4  0  0  1  0  0  0]
 [ 2  0 13 15  0  2  1  3 22  8  0  1  0  1  0  0]
 [ 3 15  2  0 42  0  0  0  0  0  0  0  0  0  0  0]
 [ 0  6 18  1  1 14  0  3  7  3  0  0  2  0  0  0]
 [ 0  0  0  1  0  0  9 14  6  2  1  0  8  6  0  0]
 [ 0  0  2  1  0  0 16 19  2  2  3  0 11  4  0  0]
 [ 0  0  8  1  0  0  2  8 27  5  0  1  6  1  0  0]
 [ 0  0  0  2  0  1  4  3 11 37  0  1  5  1  0  0]
 [ 0  0  0  1  0  0  0  1  0  0 26  0  0  1 16  0]
 [ 0  0  0  0  0  0  2  0  0  1  1 45  0  8  3  0]
 [ 0  0  6  1  0  0  8  7  8  3  0  1 18  4  0  0]
 [ 1  0  0  0  0  0  3  2  0  0  4 20  0 26  0  0]
 [ 0  0  0  3  0  0  0  0  0  0  9  4  0  3 37 10]
 [ 0  0  0  0  0  0  0  0  0  0  0  0  0  0 10 44]]

Classification Report:
              precision    recall  f1-score   support

          00       0.88      0.76      0.81        75
          01       0.60      0.65      0.62        62
          02       0.41      0.61      0.49        61
          03       0.41      0.22      0.29        68
          10       0.63      0.68      0.65        62
          11       0.58      0.25      0.35        55
          12       0.20      0.19      0.20        47
          13       0.32      0.32      0.32        60
          20       0.31      0.46      0.37        59
          21       0.57      0.57      0.57        65
          22       0.59      0.58      0.58        45
          23       0.62      0.75      0.68        60
          30       0.35      0.32      0.34        56
          31       0.46      0.46      0.46        56
          32       0.56      0.56      0.56        66
          33       0.81      0.81      0.81        54

    accuracy                           0.52       951
   macro avg       0.52      0.51      0.51       951
weighted avg       0.53      0.52      0.51       951

Accuracy: 0.5184016824395373


------------------------------------------------------------------------------------------------------------------------------



Task Aware Clustering without one class SVM:




CLUSTER DATA
{'Cluster 1': ['01', '02', '03', '10', '11', '20', '21', '30'], 'Cluster 2': ['12', '13', '23', '31'], 'Cluster 3': ['00'], 'Cluster 4': ['22', '32', '33']}
1
1
Confusion Matrix:
[[425  49   9   0]
 [ 38 162   0  10]
 [ 15   0  63   0]
 [  1   9   0 179]]

Classification Report:
              precision    recall  f1-score   support

   Cluster 1       0.89      0.88      0.88       483
   Cluster 2       0.74      0.77      0.75       210
   Cluster 3       0.88      0.81      0.84        78
   Cluster 4       0.95      0.95      0.95       189

    accuracy                           0.86       960
   macro avg       0.86      0.85      0.86       960
weighted avg       0.87      0.86      0.86       960

Accuracy: 0.8635416666666667


------------------------------------------------------------------------------------------------------------------------------

Task Aware Clustering with One class SVM:


CLUSTER DATA
{'Cluster 1': ['01', '02', '03', '10', '11', '20', '21', '30'], 'Cluster 2': ['12', '13', '23', '31'], 'Cluster 3': ['00'], 'Cluster 4': ['22', '32', '33']}
1
1
Confusion Matrix:
[[442  43   3   0]
 [ 35 176   0  12]
 [ 25   0  49   1]
 [  4  11   0 150]]

Classification Report:
              precision    recall  f1-score   support

   Cluster 1       0.87      0.91      0.89       488
   Cluster 2       0.77      0.79      0.78       223
   Cluster 3       0.94      0.65      0.77        75
   Cluster 4       0.92      0.91      0.91       165

    accuracy                           0.86       951
   macro avg       0.88      0.81      0.84       951
weighted avg       0.86      0.86      0.86       951

Accuracy: 0.8590956887486856



------------------------------------------------------------------------------------------------------------------------------------------------------------

Average Predict Proba Scores for each label



{'00': array([0.65173811, 0.09636691, 0.01799923, 0.03977248, 0.11000428,
       0.01482726, 0.00657669, 0.00418931, 0.01518843, 0.00567257,
       0.00641539, 0.00493061, 0.00446626, 0.00936416, 0.00891157,
       0.00357676])
 '01': array([0.04653534, 0.44391576, 0.07330516, 0.02699013, 0.27134059,
       0.0897751 , 0.00373726, 0.00281296, 0.01610232, 0.00536922,
       0.00267671, 0.00294992, 0.00280516, 0.00658259, 0.00326067,
       0.00184111])
 '02': array([0.00654623, 0.05415069, 0.28110244, 0.13824463, 0.02659788,
       0.16031082, 0.04977254, 0.01593848, 0.10133453, 0.05576459,
       0.00394048, 0.00664511, 0.0798637 , 0.01210123, 0.00547863,
       0.00220801])
 '03': array([0.01374162, 0.01558573, 0.12129321, 0.1939702 , 0.01188595,
       0.13245373, 0.07070317, 0.0473577 , 0.13696083, 0.09740901,
       0.01019663, 0.019658  , 0.08014174, 0.02961597, 0.01434397,
       0.00468254])
 '10': array([0.1105485 , 0.2872405 , 0.03549504, 0.02313622, 0.44485877,
       0.05021053, 0.00477297, 0.00349383, 0.01049776, 0.00497821,
       0.00385033, 0.00342599, 0.00333416, 0.00699604, 0.00469486,
       0.0024663 ])
 '11': array([0.00556711, 0.06743621, 0.1520422 , 0.12955308, 0.03951587,
       0.21035964, 0.05055888, 0.03008193, 0.11893459, 0.10048022,
       0.00365895, 0.00642267, 0.06752679, 0.01054505, 0.00527162,
       0.0020452 ])
 '12': array([0.00352477, 0.0044603 , 0.02813769, 0.06967698, 0.00371062,
       0.04199516, 0.18802619, 0.17085961, 0.10543685, 0.07150711,
       0.01491957, 0.04702028, 0.14336847, 0.09243675, 0.0118475 ,
       0.00307215])
 '13': array([0.00362897, 0.00466824, 0.01762696, 0.05893331, 0.00387165,
       0.03404699, 0.18918278, 0.20853574, 0.10564027, 0.06237902,
       0.01562716, 0.04687253, 0.13817321, 0.09032278, 0.01617622,
       0.00431414])
 '20': array([0.00478323, 0.00705006, 0.07893965, 0.12670608, 0.00448288,
       0.10749685, 0.1088795 , 0.09571524, 0.19008329, 0.10379797,
       0.00383279, 0.01192813, 0.12661357, 0.02129886, 0.00633344,
       0.00205844])
 '21': array([0.00549937, 0.01523954, 0.05168123, 0.11496065, 0.00476988,
       0.1258941 , 0.07163546, 0.05430878, 0.11736246, 0.2812303 ,
       0.00482721, 0.022485  , 0.08652646, 0.03419683, 0.00680901,
       0.00257372])
 '22': array([0.00401037, 0.00356645, 0.00560273, 0.01300776, 0.00322602,
       0.00700029, 0.02270433, 0.02206353, 0.00592927, 0.00440439,
       0.42515942, 0.05831004, 0.00446778, 0.08199121, 0.26612708,
       0.07242932])
 '23': array([0.00419406, 0.00443753, 0.00885198, 0.03390637, 0.00399045,
       0.01135135, 0.05199939, 0.0637405 , 0.02754699, 0.01579143,
       0.05547868, 0.36922849, 0.0232516 , 0.20275296, 0.08823131,
       0.03524692])
 '30': array([0.00351348, 0.00431189, 0.06565127, 0.0865767 , 0.0034863 ,
       0.06807412, 0.15240052, 0.12983639, 0.12794477, 0.08468425,
       0.00435915, 0.02477687, 0.1803876 , 0.05712578, 0.00464341,
       0.00222751])
 '31': array([0.00488786, 0.00492697, 0.01212514, 0.03874236, 0.00435255,
       0.01198363, 0.11308932, 0.11394035, 0.02819146, 0.03177353,
       0.06039284, 0.1881021 , 0.05032868, 0.27942012, 0.05062458,
       0.0071185 ])
 '32': array([0.00402069, 0.0035115 , 0.00523047, 0.01305874, 0.00317895,
       0.00599927, 0.01578443, 0.01674271, 0.00658684, 0.00447215,
       0.24347342, 0.09334108, 0.00483582, 0.04800355, 0.33260715,
       0.19915323])
 '33': array([0.00337422, 0.00288263, 0.00359301, 0.00767683, 0.0026355 ,
       0.00383881, 0.0107203 , 0.00732284, 0.00477654, 0.00338682,
       0.11762426, 0.0449531 , 0.0034159 , 0.00879242, 0.19350623,
       0.58150058])}



Cluster suggested after kmeans on these vectors:

TA_clus4={'Cluster 1': ['01','02','03','10','11','20','21','30'],
         'Cluster 2': ['12','13','23','31'],
         'Cluster 3':['00'],
         'Cluster 4':['22','32','33'],
    }















